63,3
63,2
63,1
63,0
62,3
62,2
62,1
62,0
61,3
61,2
61,1
61,0
60,3
60,2
60,1
60,0
59,3
59,2
59,1
59,0
58,3
58,2
58,1
58,0
57,3
57,2
57,1
57,0
56,3
56,2
56,1
56,0
39,3
39,1
33,3
33,1
17,3
17,2
17,1
16,3
16,2
16,1
20,2
15,3
20,1
15,2
20,3
15,1
12,3
12,2
12,1
11,3
19,2
11,2
19,1
11,1
10,3
10,2
19,3
18,1
10,1
9,3
9,2
18,3
14,1
9,1
8,3
8,2
14,3
13,1
13,3
8,1
3,3
3,2
3,1
2,2
2,1
0,456
2,3
0,278
0,9
0,0
85,34
85,33
85,32
85,31
85,30
85,29
85,28
85,27
85,26
85,25
85,24
85,23
85,22
85,21
85,20
85,19
85,18
85,17
85,16
